{
	"meta": {
		"createdBy": "Area Learning - AR.js 2.0.8",
		"createdAt": "2019-12-16T02:20:31.465Z"
	},
	"trackingBackend": "artoolkit",
	"subMarkersControls": [
		{
			"parameters": {
				"type": "pattern",
				"patternUrl": "marker/pattern-marker_a.patt"
			},
			"poseMatrix": [
				1,
				0,
				0,
				0,
				0,
				1,
				0,
				0,
				0,
				0,
				1,
				0,
				0,
				0,
				0,
				1
			]
		},
		{
			"parameters": {
				"type": "pattern",
				"patternUrl": "marker/pattern-marker_b.patt"
			},
			"poseMatrix": [
				0.995825750581357,
				-0.09119291440263985,
				0.003808110191569566,
				0,
				0.09080055564711183,
				0.9940521357806907,
				0.06012725291222347,
				0,
				-0.009268635067804197,
				-0.059530465660680994,
				0.9981838853401321,
				0,
				5.585868303355212,
				-0.2663085221859758,
				-1.4705546076648603,
				1
			]
		},
		{
			"parameters": {
				"type": "pattern",
				"patternUrl": "https://jeromeetienne.github.io/AR.js/three.js/examples/marker-training/examples/pattern-files/pattern-letterC.patt"
			},
			"poseMatrix": [
				0.9867941887369353,
				-0.1616490998086069,
				0.010360706505038108,
				0,
				0.16166551471255383,
				0.9868453969906882,
				-0.0007580340431712021,
				0,
				-0.010101873992119235,
				0.0024229900851138854,
				0.9999468429820051,
				0,
				11.209713074975,
				-0.9485108469494112,
				0.0687814708384565,
				0.9999999999999998
			]
		},
		{
			"parameters": {
				"type": "pattern",
				"patternUrl": "https://jeromeetienne.github.io/AR.js/three.js/examples/marker-training/examples/pattern-files/pattern-letterD.patt"
			},
			"poseMatrix": [
				0.9999153564432745,
				0.01276020909361984,
				0.002528321847409829,
				0,
				-0.012834514532362631,
				0.9994073027132427,
				0.03195536870869748,
				0,
				-0.002119064485650736,
				-0.03198511736845432,
				0.9994864297520099,
				0,
				0.03548452692364675,
				0.03953499414197438,
				2.5618557052229316,
				1
			]
		},
		{
			"parameters": {
				"type": "pattern",
				"patternUrl": "https://jeromeetienne.github.io/AR.js/three.js/examples/marker-training/examples/pattern-files/pattern-letterG.patt"
			},
			"poseMatrix": [
				0.9963403341499095,
				-0.08517206186923888,
				0.007161530760938102,
				0,
				0.0854616751910564,
				0.9940501877157636,
				-0.06752903240070449,
				0,
				-0.0013673340067311668,
				0.06789393277866897,
				0.9976916478833738,
				0,
				5.554701174126612,
				-0.20700073133582172,
				2.5824269670445084,
				0.9999999999999998
			]
		},
		{
			"parameters": {
				"type": "pattern",
				"patternUrl": "https://jeromeetienne.github.io/AR.js/three.js/examples/marker-training/examples/pattern-files/pattern-letterF.patt"
			},
			"poseMatrix": [
				0.9851722158868744,
				-0.1710272322238664,
				0.013599801669932333,
				0,
				0.17065208135697327,
				0.9850106175048751,
				0.025138311494790948,
				0,
				-0.017695267384049678,
				-0.022444719395374287,
				0.9995922379290562,
				0,
				11.158871696511996,
				-0.9185535950542257,
				2.6527512491611205,
				1
			]
		}
	]
}