{
	"meta": {
		"createdBy": "Area Learning - AR.js 2.0.8",
		"createdAt": "2019-12-13T04:17:08.044Z"
	},
	"trackingBackend": "artoolkit",
	"subMarkersControls": [
		{
			"parameters": {
				"type": "pattern",
				"patternUrl": "https://jeromeetienne.github.io/AR.js/three.js/examples/marker-training/examples/pattern-files/pattern-letterA.patt"
			},
			"poseMatrix": [
				1,
				0,
				0,
				0,
				0,
				1,
				0,
				0,
				0,
				0,
				1,
				0,
				0,
				0,
				0,
				1
			]
		},
		{
			"parameters": {
				"type": "pattern",
				"patternUrl": "https://jeromeetienne.github.io/AR.js/three.js/examples/marker-training/examples/pattern-files/pattern-letterB.patt"
			},
			"poseMatrix": [
				0.9965056562259645,
				-0.0833439997221792,
				0.005496583564507812,
				0,
				0.08338598683544378,
				0.9964861429989644,
				-0.00791672613032588,
				0,
				-0.004817457382840503,
				0.008347404651722975,
				0.9999533380878968,
				0,
				5.47798614067472,
				-0.4306147752431963,
				-1.5041725782535065,
				0.9999999999999999
			]
		},
		{
			"parameters": {
				"type": "pattern",
				"patternUrl": "https://jeromeetienne.github.io/AR.js/three.js/examples/marker-training/examples/pattern-files/pattern-letterC.patt"
			},
			"poseMatrix": [
				0.9830028506407991,
				-0.18352700473745964,
				0.004827585389679014,
				0,
				0.18346666875887546,
				0.9829661431037093,
				0.01086920414089699,
				0,
				-0.006740143395784397,
				-0.009798760147144354,
				0.9999293011736505,
				0,
				11.005982079510105,
				-1.2658387940447198,
				-0.006089614477612885,
				0.9999999999999999
			]
		},
		{
			"parameters": {
				"type": "pattern",
				"patternUrl": "https://jeromeetienne.github.io/AR.js/three.js/examples/marker-training/examples/pattern-files/pattern-letterD.patt"
			},
			"poseMatrix": [
				0.9999812811320037,
				0.005414443946271619,
				-0.0028810860523173537,
				0,
				-0.0053275738075966046,
				0.9995549801758935,
				0.029350492595604155,
				0,
				0.0030387213033195334,
				-0.029334596191794432,
				0.9995648610230112,
				0,
				-0.015184778143139972,
				-0.07582379923274006,
				2.54195500254341,
				0.9999999999999998
			]
		},
		{
			"parameters": {
				"type": "pattern",
				"patternUrl": "https://jeromeetienne.github.io/AR.js/three.js/examples/marker-training/examples/pattern-files/pattern-letterG.patt"
			},
			"poseMatrix": [
				0.9921287766487527,
				-0.12513879672473271,
				0.004670807867808734,
				0,
				0.12521550306907187,
				0.9918375237448597,
				-0.024080473178200005,
				0,
				-0.0016192818117553153,
				0.02447578451222272,
				0.9996989535416669,
				0,
				5.434517920113957,
				-0.4464189875949354,
				2.523049628174618,
				1
			]
		},
		{
			"parameters": {
				"type": "pattern",
				"patternUrl": "https://jeromeetienne.github.io/AR.js/three.js/examples/marker-training/examples/pattern-files/pattern-letterF.patt"
			},
			"poseMatrix": [
				0.9803659651545337,
				-0.19716030578002436,
				0.003244530177619993,
				0,
				0.19685153380970333,
				0.9795252331231097,
				0.04219238062744144,
				0,
				-0.011496760647783752,
				-0.04072529079705801,
				0.9991041957426816,
				0,
				10.961895868321328,
				-1.2576710245004816,
				2.5578828103703035,
				1
			]
		}
	]
}